0.0
25.59144110059419
23.161378679215915
20.814287909815757
18.830698785306392
17.220072346387642
15.833940460218836
14.595108803715469
13.479284237106148
12.528721939388095
11.70888266060699
10.973846484778141
10.305214370127038
9.683783869561022
9.105271647113566
8.567359132905448
8.06647481734478
7.576938847458381
7.098851647886895
6.666199541388403
6.3184803025931515
6.053057912277222
5.822769590966803
5.620372503748487
5.437308079867016
5.263678166333431
5.100514706418369
4.948871262911438
4.805335303548429
4.665806546470155
4.525412581536025
4.370076177856693
4.191792704288331
4.011714439886333
3.8553028608669617
3.752260297843932
3.73
3.73
3.73
3.73
3.73
3.73
3.73
3.73
3.73
3.73
3.73
3.73
3.73
3.73
3.73
3.73
3.73
3.73
3.73
3.73
0.0
0.0
0.0
0.0
0.0
0.0
0.0
0.0
0.0
0.0
0.0
0.0
0.0
0.0
0.0
0.0
0.0
0.0
0.0
0.0
0.0
0.0
0.0
0.0
0.0
0.0
0.0
0.0
0.0
0.0
0.0
0.0
0.0
0.0
0.0
0.0
0.0
0.0
0.0
0.0
0.0
0.0
0.0
0.0
0.0
0.0
0.0
0.0
0.0
0.0
0.0
0.0
0.0
0.0
0.0
0.0
0.0
0.0
0.0
0.0
0.0
0.0
0.0
0.0
0.0
0.0
0.0
0.0
0.0
0.0
0.0
0.0
0.0
0.0
0.0
0.0
0.0
0.0
0.0
0.0
0.0
0.0
0.0
0.0
0.0
0.0
0.0
0.0
0.0
0.0
0.0
0.0
0.0
