3.587841492061576414e-03
7.073831785411325429e-03
1.140798056506402841e-02
1.742548692097569546e-02
2.555118297196128097e-02
3.568217080555698140e-02
4.879582097389300460e-02
6.441771657145865804e-02
8.365099869215980588e-02
1.059404811978261335e-01
1.324637185578147747e-01
1.626885142597052358e-01
1.977197701102426097e-01
2.375091186154367207e-01
2.826590591990242873e-01
3.338361385553283989e-01
3.911023895275105300e-01
4.557893291189241136e-01
5.276646046188179229e-01
6.081300594505001378e-01
6.979137434821990338e-01
7.974571078760237519e-01
9.084129903403496131e-01
1.031180242026586313e+00
1.167242668098429803e+00
1.318241308680483614e+00
1.484749635407962787e+00
1.669096652292061833e+00
1.872910431857624847e+00
2.097761183233550764e+00
2.346651241376903396e+00
2.621552413166614581e+00
2.926726138431479107e+00
3.266170424009569917e+00
3.645446047762658459e+00
4.068870854682850258e+00
4.540634389261752446e+00
5.065592595188836533e+00
5.650167539355246404e+00
6.301367011038269794e+00
7.025830003778323452e+00
7.830659943352419106e+00
8.723288931146022662e+00
9.711915408283022799e+00
1.080576654332453046e+01
1.201444659383280289e+01
1.334898194336285115e+01
1.482138596099798100e+01
1.892966992715424723e+01
2.971570364084498195e+01
4.097645791295178697e+01
5.836484165292773696e+01
8.115577774545680256e+01
1.141399781978411596e+02
1.612958278258445262e+02
2.335471709786219492e+02
3.420819163822661153e+02
5.224529466030637650e+02
8.373084389144735269e+02
1.214298579566297803e+03
